[gd_scene load_steps=2 format=3 uid="uid://inap8kigmshb"]

[ext_resource type="Material" uid="uid://cm37tq0715vo4" path="res://addons/first_person_controller/examples/graphics/materials/prototype_opaque.tres" id="1_ejh6v"]

[node name="RampsWithRail" type="Node3D"]

[node name="CSGBox3D" type="CSGBox3D" parent="."]
transform = Transform3D(1, 0, 0, 0, 0.866025, -0.5, 0, 0.5, 0.866025, -8.9446, -0.796256, -3.9697)
use_collision = true
size = Vector3(2, 4, 8)
material = ExtResource("1_ejh6v")

[node name="Railing left" type="CSGBox3D" parent="."]
transform = Transform3D(1, 0, 0, 0, 0.866025, -0.5, 0, 0.5, 0.866025, -10.0907, -0.00671202, -3.9697)
use_collision = true
size = Vector3(0.391232, 4, 8)
material = ExtResource("1_ejh6v")

[node name="CSGBox3D3" type="CSGBox3D" parent="."]
transform = Transform3D(1, 0, 0, 0, 0.707106, -0.707106, 0, 0.707106, 0.707106, -12.75, -1.24666, -4.86585)
use_collision = true
size = Vector3(2, 4, 8)
material = ExtResource("1_ejh6v")

[node name="CSGBox3D4" type="CSGBox3D" parent="."]
transform = Transform3D(1, 0, 0, 0, 0.499999, -0.866024, 0, 0.866024, 0.499999, -16, -1.49666, -6.11585)
use_collision = true
size = Vector3(2, 4, 8)
material = ExtResource("1_ejh6v")
